[gd_scene load_steps=14 format=3 uid="uid://dbntryn1cnd6s"]

[ext_resource type="Script" path="res://board.gd" id="1_b6e61"]
[ext_resource type="Script" path="res://camera_3d.gd" id="1_prruc"]
[ext_resource type="Script" path="res://character_body_3d.gd" id="2_5mafd"]
[ext_resource type="PackedScene" uid="uid://dfwsl32klxgy4" path="res://movable_piece.tscn" id="4_atvqu"]
[ext_resource type="PackedScene" uid="uid://bh1ma10m0bemd" path="res://bench.tscn" id="4_hi5be"]

[sub_resource type="ProceduralSkyMaterial" id="ProceduralSkyMaterial_psgxa"]
sky_horizon_color = Color(0.64625, 0.65575, 0.67075, 1)
ground_horizon_color = Color(0.64625, 0.65575, 0.67075, 1)

[sub_resource type="Sky" id="Sky_qfo06"]
sky_material = SubResource("ProceduralSkyMaterial_psgxa")

[sub_resource type="Environment" id="Environment_j1i7s"]
background_mode = 2
sky = SubResource("Sky_qfo06")
tonemap_mode = 2
glow_enabled = true

[sub_resource type="CapsuleMesh" id="CapsuleMesh_pn2u7"]

[sub_resource type="CapsuleShape3D" id="CapsuleShape3D_8dpif"]

[sub_resource type="NavigationMesh" id="NavigationMesh_18n8b"]
vertices = PackedVector3Array(-9.5, 0.5, -9.5, -9.5, 0.5, 9.5, 9.5, 0.5, 9.5, 9.5, 0.5, -9.5)
polygons = [PackedInt32Array(3, 2, 0), PackedInt32Array(0, 2, 1)]

[sub_resource type="PlaneMesh" id="PlaneMesh_8ds4b"]
size = Vector2(25, 20)

[sub_resource type="ConcavePolygonShape3D" id="ConcavePolygonShape3D_421ov"]
data = PackedVector3Array(10, 0, 10, -10, 0, 10, 10, 0, -10, -10, 0, 10, -10, 0, -10, 10, 0, -10)

[node name="World" type="Node3D"]

[node name="DirectionalLight3D" type="DirectionalLight3D" parent="."]
transform = Transform3D(-0.866023, -0.433016, 0.250001, 0, 0.499998, 0.866027, -0.500003, 0.749999, -0.43301, 0, 0, 0)
shadow_enabled = true

[node name="WorldEnvironment" type="WorldEnvironment" parent="."]
environment = SubResource("Environment_j1i7s")

[node name="Board" type="Node3D" parent="."]
script = ExtResource("1_b6e61")

[node name="Player" type="Node3D" parent="Board"]

[node name="Camera3D" type="Camera3D" parent="Board/Player" node_paths=PackedStringArray("charactor")]
transform = Transform3D(0.999952, -0.00335939, -0.00924623, 0.00961082, 0.534242, 0.845277, 0.00210011, -0.845325, 0.534248, -0.43591, 8.70654, 8.57717)
script = ExtResource("1_prruc")
charactor = NodePath("../CharacterBody3D")

[node name="RayCast3D" type="RayCast3D" parent="Board/Player/Camera3D"]
target_position = Vector3(0, 0, -3)

[node name="GrabTarget" type="Node3D" parent="Board/Player/Camera3D/RayCast3D"]

[node name="CharacterBody3D" type="CharacterBody3D" parent="Board/Player"]
transform = Transform3D(1, 0, 0, 0, 1, 0, 0, 0, 1, 0, 1.23283, 6.8537)
script = ExtResource("2_5mafd")

[node name="MeshInstance3D" type="MeshInstance3D" parent="Board/Player/CharacterBody3D"]
mesh = SubResource("CapsuleMesh_pn2u7")

[node name="CollisionShape3D" type="CollisionShape3D" parent="Board/Player/CharacterBody3D"]
shape = SubResource("CapsuleShape3D_8dpif")

[node name="NavigationAgent3D" type="NavigationAgent3D" parent="Board/Player/CharacterBody3D"]

[node name="Bench" parent="Board" instance=ExtResource("4_hi5be")]
transform = Transform3D(1, 0, 0, 0, 1, 0, 0, 0, 1, -7.32763, 0, 0)
script = null

[node name="Pieces" type="Node3D" parent="Board"]

[node name="MoveablePiece" parent="Board/Pieces" instance=ExtResource("4_atvqu")]

[node name="MoveablePiece2" parent="Board/Pieces" instance=ExtResource("4_atvqu")]
transform = Transform3D(1, 0, 0, 0, 1, 0, 0, 0, 1, -9.22854, 1.72244, 2.5837)

[node name="NavFloor" type="NavigationRegion3D" parent="Board"]
transform = Transform3D(0.999993, -0.00222808, -0.0029102, 0.00225041, 0.999969, 0.00769361, 0.00289297, -0.00769985, 0.999967, -0.326725, 0.0209262, -0.262958)
navigation_mesh = SubResource("NavigationMesh_18n8b")

[node name="Floor" type="MeshInstance3D" parent="Board/NavFloor"]
mesh = SubResource("PlaneMesh_8ds4b")
skeleton = NodePath("../../..")

[node name="StaticBody3D" type="StaticBody3D" parent="Board/NavFloor/Floor" groups=["floor"]]

[node name="CollisionShape3D" type="CollisionShape3D" parent="Board/NavFloor/Floor/StaticBody3D"]
shape = SubResource("ConcavePolygonShape3D_421ov")

[editable path="Board/Bench"]
[editable path="Board/Pieces/MoveablePiece"]
